АКЦІОНЕРНЕ ТОВАРИСТВО «АКЦЕНТ-БАНК»

вул. Батумська, 11, м. Днiпро, 49074, Україна

телефон: 7776, www.a-bank.com.ua

Міжнародні дзвінки: +38 (056) 722-05-55

Дата операції

за

розрахунками

обліку

заборгованості

Кількість днів,

за які

нарахована

заборгованість

Залишок

поточної

заборгованості

за наданим

кредитом

(тілом кредиту)

Сальдо, на яке

в цьому

періоду

проценти не

нараховуються

(пільговий

період)

Залишок

простроченої

заборгованості

(тіло кредиту)

Процентна

ставка

(поточна)

Процентна

ставка

(прострочена)

Нараховано

відсотків на

залишок

поточної

заборгованості

за кредитом

Залишок за

процентами

(поточними)

Залишок за

процентами

(простроченими)

Штраф

Сума

погашення за

кредитним

договором

Загальний

залишок

заборгованості

2023-11-08 1 -58316.02 0.00 0.00 40.80 81.60 0.00 -1757.91 0.00 0.00 0.00 -60073.93

2023-11-09 1 -25323.93 0.00 0.00 40.80 81.60 0.00 0.00 0.00 0.00 34810.00 -25323.93

2023-11-10 1 -25416.23 0.00 0.00 40.80 81.60 0.00 0.00 0.00 0.00 0.00 -25416.23

2023-11-11 1 -25464.23 0.00 0.00 40.80 81.60 0.00 0.00 0.00 0.00 0.00 -25464.23

2023-11-13 2 -25768.23 0.00 0.00 40.80 81.60 0.00 0.00 0.00 0.00 0.00 -25768.23

2023-11-14 1 -25816.23 0.00 0.00 40.80 81.60 0.00 0.00 0.00 0.00 0.00 -25816.23

2023-11-15 1 -25844.23 0.00 0.00 40.80 81.60 0.00 0.00 0.00 0.00 0.00 -25844.23

2023-11-16 1 -25882.23 0.00 0.00 40.80 81.60 0.00 0.00 0.00 0.00 0.00 -25882.23

2023-11-17 1 -26542.26 0.00 0.00 40.80 81.60 0.00 0.00 0.00 0.00 0.00 -26542.26

2023-11-18 1 -26592.26 0.00 0.00 40.80 81.60 0.00 0.00 0.00 0.00 0.00 -26592.26

2023-11-19 1 -26624.56 0.00 0.00 40.80 81.60 0.00 0.00 0.00 0.00 0.00 -26624.56

2023-11-20 1 -26796.56 0.00 0.00 40.80 81.60 0.00 0.00 0.00 0.00 0.00 -26796.56

2023-11-21 1 -26834.56 0.00 0.00 40.80 81.60 0.00 0.00 0.00 0.00 0.00 -26834.56

2023-11-22 1 -27029.16 0.00 0.00 40.80 81.60 0.00 0.00 0.00 0.00 0.00 -27029.16

2023-11-23 1 -27067.16 0.00 0.00 40.80 81.60 0.00 0.00 0.00 0.00 0.00 -27067.16

2023-11-24 1 -33345.16 0.00 0.00 40.80 81.60 0.00 0.00 0.00 0.00 0.00 -33345.16

2023-11-25 1 -34260.16 0.00 0.00 40.80 81.60 0.00 0.00 0.00 0.00 0.00 -34260.16

2023-11-30 5 -34260.16 0.00 0.00 40.80 81.60 -1267.15 -1267.15 0.00 0.00 0.00 -35527.31

2023-12-01 1 -34290.16 0.00 0.00 40.80 81.60 0.00 -1267.15 0.00 0.00 0.00 -35557.31

2023-12-04 3 -34751.02 0.00 0.00 40.80 81.60 0.00 -1267.15 0.00 0.00 0.00 -36018.17

2023-12-09 5 -36802.18 0.00 0.00 40.80 81.60 0.00 -1267.15 0.00 0.00 0.00 -38069.33

2023-12-13 4 -37243.18 0.00 0.00 40.80 81.60 0.00 -1267.15 0.00 0.00 0.00 -38510.33

2023-12-20 7 -36510.33 0.00 0.00 40.80 81.60 0.00 0.00 0.00 0.00 2000.00 -36510.33

2023-12-30 10 -37836.29 0.00 0.00 40.80 81.60 0.00 0.00 0.00 0.00 0.00 -37836.29

2023-12-31 1 -37836.29 0.00 0.00 40.80 81.60 -1262.25 -1262.25 0.00 0.00 0.00 -39098.54

2024-01-01 1 -40956.29 0.00 0.00 40.80 81.60 0.00 -1262.25 0.00 0.00 0.00 -42218.54

2024-01-04 3 -42892.73 0.00 0.00 40.80 81.60 0.00 -1262.25 0.00 0.00 0.00 -44154.98

