АКЦІОНЕРНЕ ТОВАРИСТВО «АКЦЕНТ-БАНК»

вул. Батумська, 11, м. Днiпро, 49074, Україна

телефон: 7776, www.a-bank.com.ua

Міжнародні дзвінки: +38 (056) 722-05-55

Розрахунок заборгованостi за договором № Б\Н вiд 18.11.2020, укладеного мiж АТ

"АКЦЕНТ-БАНК" та клiєнтом Подольський Андрій Юрійович, ЄДРПОУ-3138306873,

станом на 14.06.2026

Дата операції

за

розрахунками

обліку

заборгованості

Кількість днів,

за які

нарахована

заборгованість

Залишок

поточної

заборгованості

за наданим

кредитом

(тілом кредиту)

Сальдо, на яке

в цьому

періоду

проценти не

нараховуються

(пільговий

період)

Залишок

простроченої

заборгованості

(тіло кредиту)

Процентна

ставка

(поточна)

Процентна

ставка

(прострочена)

Нараховано

відсотків на

залишок

поточної

заборгованості

за кредитом

Залишок за

процентами

(поточними)

Залишок за

процентами

(простроченими)

Штраф

Сума

погашення за

кредитним

договором

Загальний

залишок

заборгованості

2020-11-18 0 0.00 0.00 0.00 44.40 88.80 0.00 0.00 0.00 0.00 0.00 0.00

2020-11-19 1 -16386.00 0.00 0.00 44.40 88.80 0.00 0.00 0.00 0.00 0.00 -16386.00

2020-11-30 11 -16386.00 0.00 0.00 44.40 88.80 0.00 0.00 0.00 0.00 0.00 -16386.00

2020-12-01 1 -18720.00 0.00 0.00 44.40 88.80 0.00 0.00 0.00 0.00 16386.00 -18720.00

2020-12-02 1 -24397.54 0.00 0.00 44.40 88.80 0.00 0.00 0.00 0.00 0.00 -24397.54

2020-12-04 2 -24425.54 0.00 0.00 44.40 88.80 0.00 0.00 0.00 0.00 0.00 -24425.54

2020-12-05 1 -24429.54 0.00 0.00 44.40 88.80 0.00 0.00 0.00 0.00 0.00 -24429.54

2020-12-12 7 -28069.54 0.00 0.00 44.40 88.80 0.00 0.00 0.00 0.00 0.00 -28069.54

2020-12-18 6 -28761.37 0.00 0.00 44.40 88.80 0.00 0.00 0.00 0.00 0.00 -28761.37

2020-12-21 3 -28905.44 0.00 0.00 44.40 88.80 0.00 0.00 0.00 0.00 0.00 -28905.44

2020-12-24 3 -29039.31 0.00 0.00 44.40 88.80 0.00 0.00 0.00 0.00 0.00 -29039.31

2020-12-25 1 -29552.37 0.00 0.00 44.40 88.80 0.00 0.00 0.00 0.00 0.00 -29552.37

2020-12-28 3 -29906.81 0.00 0.00 44.40 88.80 0.00 0.00 0.00 0.00 3045.00 -29906.81

2020-12-29 1 -29936.81 0.00 0.00 44.40 88.80 0.00 0.00 0.00 0.00 0.00 -29936.81

2020-12-30 1 -29979.59 0.00 0.00 44.40 88.80 0.00 0.00 0.00 0.00 0.00 -29979.59

2020-12-31 1 -29979.59 0.00 0.00 44.40 88.80 0.00 0.00 0.00 0.00 0.00 -29979.59

2021-01-23 23 -26566.74 0.00 0.00 44.40 88.80 0.00 0.00 0.00 0.00 3412.85 -26566.74

2021-01-24 1 -25366.74 0.00 0.00 44.40 88.80 0.00 0.00 0.00 0.00 1200.00 -25366.74

2021-01-28 4 -28701.18 0.00 0.00 44.40 88.80 0.00 0.00 0.00 0.00 0.00 -28701.18

2021-01-31 3 -28701.18 0.00 0.00 44.40 88.80 -1958.17 -1958.17 0.00 0.00 0.00 -30659.35

2021-02-02 2 -16659.35 0.00 0.00 44.40 88.80 0.00 0.00 0.00 0.00 14000.00 -16659.35

2021-02-12 10 -16971.35 0.00 0.00 44.40 88.80 0.00 0.00 0.00 0.00 0.00 -16971.35

2021-02-13 1 -29971.35 0.00 0.00 44.40 88.80 0.00 0.00 0.00 0.00 0.00 -29971.35

2021-02-28 15 -33305.79 0.00 0.00 44.40 88.80 0.00 0.00 0.00 0.00 0.00 -33305.79

2021-03-01 1 -29910.79 0.00 0.00 44.40 88.80 0.00 0.00 0.00 0.00 4200.00 -29910.79

